RGB_DEFAULT_MAP(RGB_COLOR_MAP):
		colormap id #: 0x4c00001
		red-max: 255
		red-mult: 65536
		green-max: 255
		green-mult: 256
		blue-max: 255
		blue-mult: 1
		base-pixel: 0
		visual id #: 0x27
		kill id #: 0x1
_ICC_PROFILE_1(CARDINAL) = 0, 0, 24, 180, 97, 112, 112, 108, 2, 16, 0, 0, 109, 110, 116, 114, 82, 71, 66, 32, 88, 89, 90, 32, 7, 218, 0, 12, 0, 16, 0, 16, 0, 36, 0, 18, 97, 99, 115, 112, 65, 80, 80, 76, 0, 0, 0, 0, 0, 0, 0, 0, 0, 0, 0, 0, 0, 0, 0, 0, 0, 0, 0, 0, 0, 0, 0, 0, 0, 0, 246, 214, 0, 1, 0, 0, 0, 0, 211, 45, 97, 112, 112, 108, 0, 0, 0, 0, 0, 0, 0, 0, 0, 0, 0, 0, 0, 0, 0, 0, 0, 0, 0, 0, 0, 0, 0, 0, 0, 0, 0, 0, 0, 0, 0, 0, 0, 0, 0, 0, 0, 0, 0, 0, 0, 0, 0, 0, 0, 0, 0, 17, 100, 101, 115, 99, 0, 0, 1, 80, 0, 0, 0, 98, 100, 115, 99, 109, 0, 0, 1, 180, 0, 0, 1, 10, 99, 112, 114, 116, 0, 0, 2, 192, 0, 0, 0, 208, 119, 116, 112, 116, 0, 0, 3, 144, 0, 0, 0, 20, 114, 88, 89, 90, 0, 0, 3, 164, 0, 0, 0, 20, 103, 88, 89, 90, 0, 0, 3, 184, 0, 0, 0, 20, 98, 88, 89, 90, 0, 0, 3, 204, 0, 0, 0, 20, 114, 84, 82, 67, 0, 0, 3, 224, 0, 0, 8, 12, 97, 97, 114, 103, 0, 0, 11, 236, 0, 0, 0, 32, 118, 99, 103, 116, 0, 0, 12, 12, 0, 0, 6, 18, 110, 100, 105, 110, 0, 0, 18, 32, 0, 0, 6, 62, 99, 104, 97, 100, 0, 0, 24, 96, 0, 0, 0, 44, 109, 109, 111, 100, 0, 0, 24, 140, 0, 0, 0, 40, 98, 84, 82, 67, 0, 0, 3, 224, 0, 0, 8, 12, 103, 84, 82, 67, 0, 0, 3, 224, 0, 0, 8, 12, 97, 97, 98, 103, 0, 0, 11, 236, 0, 0, 0, 32, 97, 97, 103, 103, 0, 0, 11, 236, 0, 0, 0, 32, 100, 101, 115, 99, 0, 0, 0, 0, 0, 0, 0, 8, 68, 105, 115, 112, 108, 97, 121, 0, 0, 0, 0, 0, 0, 0, 0, 0, 0, 0, 0, 0, 0, 0, 0, 0, 0, 0, 0, 0, 0, 0, 0, 0, 0, 0, 0, 0, 0, 0, 0, 0, 0, 0, 0, 0, 0, 0, 0, 0, 0, 0, 0, 0, 0, 0, 0, 0, 0, 0, 0, 0, 0, 0, 0, 0, 0, 0, 0, 0, 0, 0, 0, 0, 0, 0, 0, 0, 0, 0, 0, 0, 0, 0, 0, 0, 0, 0, 0, 0, 109, 108, 117, 99, 0, 0, 0, 0, 0, 0, 0, 18, 0, 0, 0, 12, 110, 108, 78, 76, 0, 0, 0, 34, 0, 0, 0, 232, 100, 97, 68, 75, 0, 0, 0, 34, 0, 0, 0, 232, 112, 108, 80, 76, 0, 0, 0, 34, 0, 0, 0, 232, 101, 110, 85, 83, 0, 0, 0, 34, 0, 0, 0, 232, 110, 98, 78, 79, 0, 0, 0, 34, 0, 0, 0, 232, 102, 114, 70, 82, 0, 0, 0, 34, 0, 0, 0, 232, 112, 116, 66, 82, 0, 0, 0, 34, 0, 0, 0, 232, 112, 116, 80, 84, 0, 0, 0, 34, 0, 0, 0, 232, 122, 104, 67, 78, 0, 0, 0, 34, 0, 0, 0, 232, 101, 115, 69, 83, 0, 0, 0, 34, 0, 0, 0, 232, 106, 97, 74, 80, 0, 0, 0, 34, 0, 0, 0, 232, 114, 117, 82, 85, 0, 0, 0, 34, 0, 0, 0, 232, 115, 118, 83, 69, 0, 0, 0, 34, 0, 0, 0, 232, 122, 104, 84, 87, 0, 0, 0, 34, 0, 0, 0, 232, 100, 101, 68, 69, 0, 0, 0, 34, 0, 0, 0, 232, 102, 105, 70, 73, 0, 0, 0, 34, 0, 0, 0, 232, 105, 116, 73, 84, 0, 0, 0, 34, 0, 0, 0, 232, 107, 111, 75, 82, 0, 0, 0, 34, 0, 0, 0, 232, 0, 67, 0, 105, 0, 110, 0, 101, 0, 109, 0, 97, 0, 32, 0, 72, 0, 68, 0, 32, 0, 68, 0, 105, 0, 115, 0, 112, 0, 108, 0, 97, 0, 121, 0, 0, 116, 101, 120, 116, 0, 0, 0, 0, 67, 111, 112, 121, 114, 105, 103, 104, 116, 32, 65, 112, 112, 108, 101, 44, 32, 73, 110, 99, 46, 44, 32, 50, 48, 49, 48, 0, 0, 0, 0, 0, 0, 0, 0, 0, 0, 0, 0, 0, 0, 0, 0, 0, 0, 0, 0, 0, 0, 0, 0, 0, 0, 0, 0, 0, 0, 0, 0, 0, 0, 0, 0, 0, 0, 0, 0, 0, 0, 0, 0, 0, 0, 0, 0, 0, 0, 0, 0, 0, 0, 0, 0, 0, 0, 0, 0, 0, 0, 0, 0, 0, 0, 0, 0, 0, 0, 0, 0, 0, 0, 0, 0, 0, 0, 0, 0, 0, 0, 0, 0, 0, 0, 0, 0, 0, 0, 0, 0, 0, 0, 0, 0, 0, 0, 0, 0, 0, 0, 0, 0, 0, 0, 0, 0, 0, 0, 0, 0, 0, 0, 0, 0, 0, 0, 0, 0, 0, 0, 0, 0, 0, 0, 0, 0, 0, 0, 0, 0, 0, 0, 0, 0, 0, 0, 0, 0, 0, 0, 0, 0, 0, 0, 0, 0, 0, 0, 0, 0, 0, 0, 0, 0, 0, 0, 0, 0, 0, 0, 0, 0, 0, 0, 0, 0, 0, 0, 0, 0, 0, 88, 89, 90, 32, 0, 0, 0, 0, 0, 0, 243, 222, 0, 1, 0, 0, 0, 1, 22, 11, 88, 89, 90, 32, 0, 0, 0, 0, 0, 0, 120, 192, 0, 0, 62, 6, 0, 0, 3, 169, 88, 89, 90, 32, 0, 0, 0, 0, 0, 0, 90, 214, 0, 0, 176, 253, 0, 0, 26, 144, 88, 89, 90, 32, 0, 0, 0, 0, 0, 0, 35, 64, 0, 0, 16, 253, 0, 0, 180, 244, 99, 117, 114, 118, 0, 0, 0, 0, 0, 0, 4, 0, 0, 0, 0, 5, 0, 10, 0, 15, 0, 20, 0, 25, 0, 30, 0, 35, 0, 40, 0, 45, 0, 50, 0, 54, 0, 59, 0, 64, 0, 69, 0, 74, 0, 79, 0, 84, 0, 89, 0, 94, 0, 99, 0, 104, 0, 109, 0, 114, 0, 119, 0, 124, 0, 129, 0, 134, 0, 139, 0, 144, 0, 149, 0, 154, 0, 159, 0, 163, 0, 168, 0, 173, 0, 178, 0, 183, 0, 188, 0, 193, 0, 198, 0, 203, 0, 208, 0, 213, 0, 219, 0, 224, 0, 229, 0, 235, 0, 240, 0, 246, 0, 251, 1, 1, 1, 7, 1, 13, 1, 19, 1, 25, 1, 31, 1, 37, 1, 43, 1, 50, 1, 56, 1, 62, 1, 69, 1, 76, 1, 82, 1, 89, 1, 96, 1, 103, 1, 110, 1, 117, 1, 124, 1, 131, 1, 139, 1, 146, 1, 154, 1, 161, 1, 169, 1, 177, 1, 185, 1, 193, 1, 201, 1, 209, 1, 217, 1, 225, 1, 233, 1, 242, 1, 250, 2, 3, 2, 12, 2, 20, 2, 29, 2, 38, 2, 47, 2, 56, 2, 65, 2, 75, 2, 84, 2, 93, 2, 103, 2, 113, 2, 122, 2, 132, 2, 142, 2, 152, 2, 162, 2, 172, 2, 182, 2, 193, 2, 203, 2, 213, 2, 224, 2, 235, 2, 245, 3, 0, 3, 11, 3, 22, 3, 33, 3, 45, 3, 56, 3, 67, 3, 79, 3, 90, 3, 102, 3, 114, 3, 126, 3, 138, 3, 150, 3, 162, 3, 174, 3, 186, 3, 199, 3, 211, 3, 224, 3, 236, 3, 249, 4, 6, 4, 19, 4, 32, 4, 45, 4, 59, 4, 72, 4, 85, 4, 99, 4, 113, 4, 126, 4, 140, 4, 154, 4, 168, 4, 182, 4, 196, 4, 211, 4, 225, 4, 240, 4, 254, 5, 13, 5, 28, 5, 43, 5, 58, 5, 73, 5, 88, 5, 103, 5, 119, 5, 134, 5, 150, 5, 166, 5, 181, 5, 197, 5, 213, 5, 229, 5, 246, 6, 6, 6, 22, 6, 39, 6, 55, 6, 72, 6, 89, 6, 106, 6, 123, 6, 140, 6, 157, 6, 175, 6, 192, 6, 209, 6, 227, 6, 245, 7, 7, 7, 25, 7, 43, 7, 61, 7, 79, 7, 97, 7, 116, 7, 134, 7, 153, 7, 172, 7, 191, 7, 210, 7, 229, 7, 248, 8, 11, 8, 31, 8, 50, 8, 70, 8, 90, 8, 110, 8, 130, 8, 150, 8, 170, 8, 190, 8, 210, 8, 231, 8, 251, 9, 16, 9, 37, 9, 58, 9, 79, 9, 100, 9, 121, 9, 143, 9, 164, 9, 186, 9, 207, 9, 229, 9, 251, 10, 17, 10, 39, 10, 61, 10, 84, 10, 106, 10, 129, 10, 152, 10, 174, 10, 197, 10, 220, 10, 243, 11, 11, 11, 34, 11, 57, 11, 81, 11, 105, 11, 128, 11, 152, 11, 176, 11, 200, 11, 225, 11, 249, 12, 18, 12, 42, 12, 67, 12, 92, 12, 117, 12, 142, 12, 167, 12, 192, 12, 217, 12, 243, 13, 13, 13, 38, 13, 64, 13, 90, 13, 116, 13, 142, 13, 169, 13, 195, 13, 222, 13, 248, 14, 19, 14, 46, 14, 73, 14, 100, 14, 127, 14, 155, 14, 182, 14, 210, 14, 238, 15, 9, 15, 37, 15, 65, 15, 94, 15, 122, 15, 150, 15, 179, 15, 207, 15, 236, 16, 9, 16, 38, 16, 67, 16, 97, 16, 126, 16, 155, 16, 185, 16, 215, 16, 245, 17, 19, 17, 49, 17, 79, 17, 109, 17, 140, 17, 170, 17, 201, 17, 232, 18, 7, 18, 38, 18, 69, 18, 100, 18, 132, 18, 163, 18, 195, 18, 227, 19, 3, 19, 35, 19, 67, 19, 99, 19, 131, 19, 164, 19, 197, 19, 229, 20, 6, 20, 39, 20, 73, 20, 106, 20, 139, 20, 173, 20, 206, 20, 240, 21, 18, 21, 52, 21, 86, 21, 120, 21, 155, 21, 189, 21, 224, 22, 3, 22, 38, 22, 73, 22, 108, 22, 143, 22, 178, 22, 214, 22, 250, 23, 29, 23, 65, 23, 101, 23, 137, 23, 174, 23, 210, 23, 247, 24, 27, 24, 64, 24, 101, 24, 138, 24, 175, 24, 213, 24, 250, 25, 32, 25, 69, 25, 107, 25, 145, 25, 183, 25, 221, 26, 4, 26, 42, 26, 81, 26, 119, 26, 158, 26, 197, 26, 236, 27, 20, 27, 59, 27, 99, 27, 138, 27, 178, 27, 218, 28, 2, 28, 42, 28, 82, 28, 123, 28, 163, 28, 204, 28, 245, 29, 30, 29, 71, 29, 112, 29, 153, 29, 195, 29, 236, 30, 22, 30, 64, 30, 106, 30, 148, 30, 190, 30, 233, 31, 19, 31, 62, 31, 105, 31, 148, 31, 191, 31, 234, 32, 21, 32, 65, 32, 108, 32, 152, 32, 196, 32, 240, 33, 28, 33, 72, 33, 117, 33, 161, 33, 206, 33, 251, 34, 39, 34, 85, 34, 130, 34, 175, 34, 221, 35, 10, 35, 56, 35, 102, 35, 148, 35, 194, 35, 240, 36, 31, 36, 77, 36, 124, 36, 171, 36, 218, 37, 9, 37, 56, 37, 104, 37, 151, 37, 199, 37, 247, 38, 39, 38, 87, 38, 135, 38, 183, 38, 232, 39, 24, 39, 73, 39, 122, 39, 171, 39, 220, 40, 13, 40, 63, 40, 113, 40, 162, 40, 212, 41, 6, 41, 56, 41, 107, 41, 157, 41, 208, 42, 2, 42, 53, 42, 104, 42, 155, 42, 207, 43, 2, 43, 54, 43, 105, 43, 157, 43, 209, 44, 5, 44, 57, 44, 110, 44, 162, 44, 215, 45, 12, 45, 65, 45, 118, 45, 171, 45, 225, 46, 22, 46, 76, 46, 130, 46, 183, 46, 238, 47, 36, 47, 90, 47, 145, 47, 199, 47, 254, 48, 53, 48, 108, 48, 164, 48, 219, 49, 18, 49, 74, 49, 130, 49, 186, 49, 242, 50, 42, 50, 99, 50, 155, 50, 212, 51, 13, 51, 70, 51, 127, 51, 184, 51, 241, 52, 43, 52, 101, 52, 158, 52, 216, 53, 19, 53, 77, 53, 135, 53, 194, 53, 253, 54, 55, 54, 114, 54, 174, 54, 233, 55, 36, 55, 96, 55, 156, 55, 215, 56, 20, 56, 80, 56, 140, 56, 200, 57, 5, 57, 66, 57, 127, 57, 188, 57, 249, 58, 54, 58, 116, 58, 178, 58, 239, 59, 45, 59, 107, 59, 170, 59, 232, 60, 39, 60, 101, 60, 164, 60, 227, 61, 34, 61, 97, 61, 161, 61, 224, 62, 32, 62, 96, 62, 160, 62, 224, 63, 33, 63, 97, 63, 162, 63, 226, 64, 35, 64, 100, 64, 166, 64, 231, 65, 41, 65, 106, 65, 172, 65, 238, 66, 48, 66, 114, 66, 181, 66, 247, 67, 58, 67, 125, 67, 192, 68, 3, 68, 71, 68, 138, 68, 206, 69, 18, 69, 85, 69, 154, 69, 222, 70, 34, 70, 103, 70, 171, 70, 240, 71, 53, 71, 123, 71, 192, 72, 5, 72, 75, 72, 145, 72, 215, 73, 29, 73, 99, 73, 169, 73, 240, 74, 55, 74, 125, 74, 196, 75, 12, 75, 83, 75, 154, 75, 226, 76, 42, 76, 114, 76, 186, 77, 2, 77, 74, 77, 147, 77, 220, 78, 37, 78, 110, 78, 183, 79, 0, 79, 73, 79, 147, 79, 221, 80, 39, 80, 113, 80, 187, 81, 6, 81, 80, 81, 155, 81, 230, 82, 49, 82, 124, 82, 199, 83, 19, 83, 95, 83, 170, 83, 246, 84, 66, 84, 143, 84, 219, 85, 40, 85, 117, 85, 194, 86, 15, 86, 92, 86, 169, 86, 247, 87, 68, 87, 146, 87, 224, 88, 47, 88, 125, 88, 203, 89, 26, 89, 105, 89, 184, 90, 7, 90, 86, 90, 166, 90, 245, 91, 69, 91, 149, 91, 229, 92, 53, 92, 134, 92, 214, 93, 39, 93, 120, 93, 201, 94, 26, 94, 108, 94, 189, 95, 15, 95, 97, 95, 179, 96, 5, 96, 87, 96, 170, 96, 252, 97, 79, 97, 162, 97, 245, 98, 73, 98, 156, 98, 240, 99, 67, 99, 151, 99, 235, 100, 64, 100, 148, 100, 233, 101, 61, 101, 146, 101, 231, 102, 61, 102, 146, 102, 232, 103, 61, 103, 147, 103, 233, 104, 63, 104, 150, 104, 236, 105, 67, 105, 154, 105, 241, 106, 72, 106, 159, 106, 247, 107, 79, 107, 167, 107, 255, 108, 87, 108, 175, 109, 8, 109, 96, 109, 185, 110, 18, 110, 107, 110, 196, 111, 30, 111, 120, 111, 209, 112, 43, 112, 134, 112, 224, 113, 58, 113, 149, 113, 240, 114, 75, 114, 166, 115, 1, 115, 93, 115, 184, 116, 20, 116, 112, 116, 204, 117, 40, 117, 133, 117, 225, 118, 62, 118, 155, 118, 248, 119, 86, 119, 179, 120, 17, 120, 110, 120, 204, 121, 42, 121, 137, 121, 231, 122, 70, 122, 165, 123, 4, 123, 99, 123, 194, 124, 33, 124, 129, 124, 225, 125, 65, 125, 161, 126, 1, 126, 98, 126, 194, 127, 35, 127, 132, 127, 229, 128, 71, 128, 168, 129, 10, 129, 107, 129, 205, 130, 48, 130, 146, 130, 244, 131, 87, 131, 186, 132, 29, 132, 128, 132, 227, 133, 71, 133, 171, 134, 14, 134, 114, 134, 215, 135, 59, 135, 159, 136, 4, 136, 105, 136, 206, 137, 51, 137, 153, 137, 254, 138, 100, 138, 202, 139, 48, 139, 150, 139, 252, 140, 99, 140, 202, 141, 49, 141, 152, 141, 255, 142, 102, 142, 206, 143, 54, 143, 158, 144, 6, 144, 110, 144, 214, 145, 63, 145, 168, 146, 17, 146, 122, 146, 227, 147, 77, 147, 182, 148, 32, 148, 138, 148, 244, 149, 95, 149, 201, 150, 52, 150, 159, 151, 10, 151, 117, 151, 224, 152, 76, 152, 184, 153, 36, 153, 144, 153, 252, 154, 104, 154, 213, 155, 66, 155, 175, 156, 28, 156, 137, 156, 247, 157, 100, 157, 210, 158, 64, 158, 174, 159, 29, 159, 139, 159, 250, 160, 105, 160, 216, 161, 71, 161, 182, 162, 38, 162, 150, 163, 6, 163, 118, 163, 230, 164, 86, 164, 199, 165, 56, 165, 169, 166, 26, 166, 139, 166, 253, 167, 110, 167, 224, 168, 82, 168, 196, 169, 55, 169, 169, 170, 28, 170, 143, 171, 2, 171, 117, 171, 233, 172, 92, 172, 208, 173, 68, 173, 184, 174, 45, 174, 161, 175, 22, 175, 139, 176, 0, 176, 117, 176, 234, 177, 96, 177, 214, 178, 75, 178, 194, 179, 56, 179, 174, 180, 37, 180, 156, 181, 19, 181, 138, 182, 1, 182, 121, 182, 240, 183, 104, 183, 224, 184, 89, 184, 209, 185, 74, 185, 194, 186, 59, 186, 181, 187, 46, 187, 167, 188, 33, 188, 155, 189, 21, 189, 143, 190, 10, 190, 132, 190, 255, 191, 122, 191, 245, 192, 112, 192, 236, 193, 103, 193, 227, 194, 95, 194, 219, 195, 88, 195, 212, 196, 81, 196, 206, 197, 75, 197, 200, 198, 70, 198, 195, 199, 65, 199, 191, 200, 61, 200, 188, 201, 58, 201, 185, 202, 56, 202, 183, 203, 54, 203, 182, 204, 53, 204, 181, 205, 53, 205, 181, 206, 54, 206, 182, 207, 55, 207, 184, 208, 57, 208, 186, 209, 60, 209, 190, 210, 63, 210, 193, 211, 68, 211, 198, 212, 73, 212, 203, 213, 78, 213, 209, 214, 85, 214, 216, 215, 92, 215, 224, 216, 100, 216, 232, 217, 108, 217, 241, 218, 118, 218, 251, 219, 128, 220, 5, 220, 138, 221, 16, 221, 150, 222, 28, 222, 162, 223, 41, 223, 175, 224, 54, 224, 189, 225, 68, 225, 204, 226, 83, 226, 219, 227, 99, 227, 235, 228, 115, 228, 252, 229, 132, 230, 13, 230, 150, 231, 31, 231, 169, 232, 50, 232, 188, 233, 70, 233, 208, 234, 91, 234, 229, 235, 112, 235, 251, 236, 134, 237, 17, 237, 156, 238, 40, 238, 180, 239, 64, 239, 204, 240, 88, 240, 229, 241, 114, 241, 255, 242, 140, 243, 25, 243, 167, 244, 52, 244, 194, 245, 80, 245, 222, 246, 109, 246, 251, 247, 138, 248, 25, 248, 168, 249, 56, 249, 199, 250, 87, 250, 231, 251, 119, 252, 7, 252, 152, 253, 41, 253, 186, 254, 75, 254, 220, 255, 109, 255, 255, 112, 97, 114, 97, 0, 0, 0, 0, 0, 3, 0, 0, 0, 2, 102, 102, 0, 0, 242, 167, 0, 0, 13, 89, 0, 0, 19, 208, 0, 0, 10, 192, 118, 99, 103, 116, 0, 0, 0, 0, 0, 0, 0, 0, 0, 3, 1, 0, 0, 2, 0, 0, 0, 86, 1, 69, 2, 96, 3, 176, 5, 30, 6, 55, 7, 42, 7, 183, 8, 146, 9, 201, 10, 244, 12, 50, 13, 118, 14, 102, 15, 12, 16, 90, 17, 96, 18, 12, 19, 106, 20, 110, 21, 55, 22, 154, 23, 143, 24, 123, 25, 238, 26, 191, 27, 232, 29, 62, 30, 0, 31, 104, 32, 134, 33, 77, 34, 22, 34, 221, 35, 165, 36, 112, 37, 62, 38, 11, 39, 136, 40, 168, 41, 122, 42, 76, 43, 31, 43, 241, 44, 199, 45, 158, 46, 117, 47, 77, 48, 39, 49, 0, 49, 219, 50, 183, 51, 148, 52, 114, 53, 81, 54, 49, 55, 18, 56, 176, 57, 216, 58, 187, 59, 159, 60, 132, 61, 105, 62, 81, 63, 56, 64, 31, 65, 9, 65, 242, 66, 222, 67, 201, 68, 180, 69, 161, 70, 143, 71, 125, 72, 107, 73, 111, 75, 78, 76, 62, 77, 49, 78, 34, 79, 21, 80, 9, 80, 254, 81, 243, 82, 232, 83, 223, 84, 214, 85, 205, 86, 198, 87, 191, 88, 185, 90, 12, 91, 175, 92, 170, 93, 166, 94, 163, 95, 159, 96, 157, 97, 156, 98, 154, 99, 153, 100, 154, 101, 154, 102, 155, 103, 211, 105, 160, 106, 163, 107, 166, 108, 170, 109, 174, 110, 179, 111, 184, 112, 189, 113, 196, 114, 204, 115, 211, 117, 66, 118, 228, 119, 237, 120, 246, 122, 0, 123, 10, 124, 21, 125, 33, 126, 45, 127, 57, 128, 70, 129, 83, 130, 97, 131, 111, 132, 126, 133, 141, 134, 145, 135, 25, 135, 188, 136, 205, 137, 223, 138, 241, 140, 3, 141, 21, 142, 41, 143, 60, 144, 80, 144, 250, 145, 133, 146, 142, 147, 164, 148, 186, 149, 208, 150, 231, 151, 254, 152, 215, 153, 99, 154, 70, 155, 95, 156, 120, 157, 146, 158, 172, 159, 199, 160, 226, 161, 207, 162, 93, 163, 52, 164, 81, 165, 110, 166, 139, 167, 169, 168, 199, 169, 229, 171, 5, 171, 231, 172, 119, 173, 98, 174, 130, 175, 163, 176, 196, 177, 230, 179, 7, 180, 42, 181, 0, 181, 146, 182, 146, 183, 181, 184, 217, 185, 254, 187, 34, 188, 71, 189, 20, 189, 167, 190, 183, 191, 221, 193, 4, 193, 246, 194, 138, 195, 122, 196, 162, 197, 203, 198, 220, 199, 113, 200, 68, 201, 110, 202, 152, 203, 70, 203, 237, 205, 23, 206, 67, 207, 30, 207, 180, 208, 198, 209, 243, 210, 249, 211, 143, 212, 122, 213, 168, 214, 214, 215, 109, 216, 51, 217, 97, 218, 145, 219, 77, 219, 240, 221, 33, 222, 23, 222, 176, 223, 179, 224, 229, 226, 22, 227, 72, 228, 123, 229, 174, 230, 99, 231, 20, 232, 71, 233, 123, 234, 176, 235, 229, 237, 25, 238, 78, 239, 57, 239, 212, 240, 239, 242, 37, 243, 92, 244, 147, 245, 202, 247, 1, 248, 24, 248, 180, 249, 168, 250, 225, 252, 26, 253, 83, 254, 140, 255, 98, 255, 255, 0, 0, 0, 86, 1, 69, 2, 96, 3, 176, 5, 30, 6, 55, 7, 83, 8, 113, 9, 78, 9, 234, 10, 244, 12, 50, 13, 118, 14, 102, 15, 12, 16, 90, 17, 96, 18, 12, 19, 106, 20, 200, 22, 39, 22, 217, 23, 143, 24, 123, 25, 238, 26, 191, 27, 232, 29, 62, 30, 0, 30, 193, 31, 133, 32, 121, 34, 10, 34, 221, 35, 165, 36, 112, 37, 62, 38, 11, 38, 215, 39, 167, 40, 121, 41, 75, 42, 30, 42, 240, 43, 198, 44, 157, 45, 116, 46, 76, 47, 38, 47, 255, 48, 218, 49, 182, 50, 147, 51, 113, 52, 80, 53, 48, 54, 17, 54, 243, 55, 214, 56, 185, 57, 157, 58, 130, 59, 103, 60, 79, 61, 54, 62, 29, 63, 7, 63, 240, 64, 220, 65, 199, 66, 178, 67, 159, 68, 141, 69, 178, 71, 106, 72, 91, 73, 76, 74, 60, 75, 47, 76, 32, 77, 19, 78, 7, 78, 252, 80, 146, 81, 231, 82, 222, 83, 213, 84, 204, 85, 197, 86, 190, 87, 184, 88, 178, 89, 173, 90, 168, 91, 164, 92, 161, 93, 157, 94, 216, 96, 155, 97, 153, 98, 152, 99, 153, 100, 153, 101, 208, 103, 157, 104, 159, 105, 162, 106, 165, 107, 230, 109, 174, 110, 179, 111, 184, 112, 189, 113, 196, 115, 37, 116, 212, 117, 220, 118, 228, 119, 237, 120, 246, 122, 136, 124, 11, 125, 22, 126, 34, 127, 46, 128, 58, 129, 71, 130, 84, 131, 98, 132, 112, 133, 127, 134, 142, 135, 180, 137, 175, 138, 191, 139, 208, 140, 226, 141, 244, 143, 6, 144, 24, 145, 44, 146, 63, 147, 83, 148, 104, 149, 124, 150, 146, 151, 168, 152, 190, 153, 212, 154, 235, 156, 2, 157, 26, 158, 50, 159, 75, 160, 100, 161, 125, 162, 151, 163, 177, 164, 204, 165, 231, 167, 2, 168, 30, 169, 58, 170, 87, 171, 116, 172, 145, 173, 175, 174, 205, 175, 235, 177, 11, 178, 41, 179, 73, 180, 105, 181, 137, 182, 170, 183, 203, 184, 237, 186, 14, 187, 49, 188, 83, 189, 118, 190, 154, 191, 189, 192, 225, 194, 6, 195, 42, 196, 79, 197, 28, 197, 175, 198, 191, 199, 229, 201, 12, 201, 254, 202, 146, 203, 130, 204, 170, 205, 211, 206, 228, 207, 121, 208, 76, 209, 118, 210, 160, 211, 203, 212, 100, 213, 31, 214, 75, 215, 119, 216, 163, 217, 83, 217, 251, 219, 40, 220, 85, 221, 131, 222, 71, 222, 222, 224, 12, 225, 14, 225, 165, 226, 153, 227, 85, 227, 248, 229, 6, 229, 158, 230, 137, 231, 187, 232, 106, 233, 29, 234, 28, 234, 181, 235, 180, 236, 105, 237, 26, 238, 29, 238, 183, 239, 181, 240, 234, 241, 135, 242, 82, 243, 61, 243, 216, 244, 243, 245, 142, 246, 95, 247, 70, 247, 225, 248, 254, 249, 153, 250, 114, 251, 82, 251, 238, 253, 11, 253, 168, 254, 140, 255, 98, 255, 255, 0, 0, 0, 86, 1, 69, 2, 65, 3, 56, 4, 29, 5, 54, 6, 82, 7, 112, 8, 146, 9, 201, 10, 127, 11, 49, 12, 117, 13, 188, 15, 9, 15, 180, 16, 174, 18, 5, 18, 185, 19, 199, 21, 38, 21, 216, 23, 6, 24, 72, 25, 2, 26, 104, 27, 125, 28, 97, 29, 228, 30, 193, 31, 133, 32, 76, 33, 21, 34, 152, 35, 165, 36, 112, 37, 62, 38, 11, 38, 215, 39, 167, 40, 121, 41, 75, 42, 30, 42, 240, 43, 198, 44, 157, 45, 188, 47, 77, 48, 39, 49, 0, 49, 219, 50, 183, 51, 148, 52, 114, 53, 81, 54, 49, 55, 18, 55, 244, 56, 215, 57, 186, 58, 158, 59, 131, 60, 104, 61, 80, 62, 55, 63, 30, 64, 8, 64, 241, 65, 221, 66, 200, 67, 179, 68, 160, 69, 142, 70, 124, 71, 106, 72, 91, 73, 80, 75, 48, 76, 48, 77, 33, 78, 20, 79, 8, 79, 253, 80, 242, 81, 231, 82, 222, 83, 213, 84, 204, 85, 197, 86, 190, 87, 184, 88, 178, 89, 173, 90, 168, 91, 164, 92, 161, 93, 157, 94, 155, 95, 154, 96, 152, 97, 151, 98, 152, 99, 152, 100, 153, 101, 155, 102, 211, 104, 161, 105, 164, 106, 168, 107, 172, 108, 177, 109, 182, 110, 187, 111, 194, 112, 202, 113, 209, 114, 217, 115, 225, 116, 234, 117, 243, 118, 253, 120, 7, 121, 18, 122, 30, 123, 42, 124, 54, 125, 67, 126, 80, 127, 94, 128, 108, 129, 123, 130, 138, 131, 154, 132, 170, 133, 159, 134, 40, 134, 220, 135, 238, 137, 0, 138, 18, 139, 38, 140, 57, 141, 77, 141, 247, 142, 130, 143, 139, 144, 161, 145, 183, 146, 205, 147, 228, 148, 200, 149, 83, 150, 42, 151, 67, 152, 92, 153, 117, 154, 143, 155, 33, 155, 195, 156, 222, 157, 249, 159, 21, 160, 49, 161, 78, 162, 6, 162, 149, 163, 165, 164, 195, 165, 225, 167, 1, 168, 31, 169, 63, 170, 4, 170, 148, 171, 159, 172, 192, 173, 226, 175, 3, 176, 38, 177, 72, 178, 14, 178, 160, 179, 177, 180, 213, 181, 250, 183, 30, 184, 67, 185, 16, 185, 163, 186, 179, 187, 217, 189, 0, 190, 39, 191, 79, 192, 27, 192, 175, 193, 199, 194, 239, 195, 238, 196, 130, 197, 106, 198, 148, 199, 191, 200, 88, 201, 19, 202, 63, 203, 107, 204, 151, 205, 71, 205, 239, 207, 28, 208, 73, 209, 35, 209, 186, 210, 210, 212, 0, 213, 2, 213, 153, 214, 141, 215, 189, 216, 227, 217, 123, 218, 77, 219, 126, 220, 176, 221, 95, 222, 18, 223, 68, 224, 119, 225, 170, 226, 221, 228, 17, 229, 68, 230, 120, 231, 173, 232, 226, 234, 22, 235, 75, 236, 129, 237, 183, 238, 237, 240, 35, 241, 90, 242, 145, 243, 200, 244, 255, 246, 55, 247, 111, 248, 167, 249, 224, 251, 25, 252, 82, 253, 139, 254, 197, 255, 255, 0, 0, 110, 100, 105, 110, 0, 0, 0, 0, 0, 0, 6, 54, 0, 0, 163, 195, 0, 0, 84, 253, 0, 0, 73, 192, 0, 0, 153, 192, 0, 0, 37, 129, 0, 0, 16, 190, 0, 0, 80, 65, 0, 0, 84, 63, 0, 2, 46, 20, 0, 2, 94, 184, 0, 2, 20, 122, 0, 3, 1, 0, 0, 2, 0, 0, 0, 1, 0, 3, 0, 5, 0, 8, 0, 11, 0, 16, 0, 22, 0, 37, 0, 46, 0, 55, 0, 66, 0, 77, 0, 89, 0, 101, 0, 129, 0, 144, 0, 159, 0, 193, 0, 210, 0, 229, 1, 11, 1, 32, 1, 53, 1, 97, 1, 120, 1, 144, 1, 193, 1, 218, 1, 245, 2, 43, 2, 71, 2, 100, 2, 159, 2, 220, 3, 28, 3, 95, 3, 163, 3, 234, 4, 15, 4, 52, 4, 127, 4, 205, 5, 29, 5, 112, 5, 196, 6, 27, 6, 116, 6, 207, 7, 45, 7, 140, 7, 238, 8, 82, 8, 184, 9, 32, 9, 138, 9, 192, 9, 246, 10, 100, 10, 213, 11, 71, 11, 188, 12, 50, 12, 171, 13, 38, 13, 162, 14, 33, 14, 161, 15, 36, 15, 169, 16, 47, 16, 184, 17, 67, 17, 207, 18, 22, 18, 93, 18, 238, 19, 128, 20, 21, 20, 171, 21, 67, 21, 221, 22, 121, 23, 23, 23, 182, 24, 88, 24, 252, 25, 161, 26, 72, 26, 241, 27, 71, 27, 156, 28, 73, 28, 248, 29, 168, 30, 91, 31, 15, 31, 197, 32, 125, 33, 55, 33, 242, 34, 176, 35, 111, 36, 48, 36, 145, 36, 243, 37, 183, 38, 126, 39, 70, 40, 16, 40, 220, 41, 169, 42, 121, 43, 74, 44, 28, 44, 241, 45, 199, 46, 51, 46, 160, 47, 121, 48, 85, 49, 51, 50, 18, 50, 243, 51, 213, 52, 185, 53, 160, 54, 135, 55, 113, 56, 92, 57, 73, 58, 56, 59, 40, 60, 26, 61, 14, 62, 251, 63, 244, 64, 238, 65, 234, 66, 232, 67, 232, 68, 233, 69, 236, 70, 241, 71, 247, 74, 9, 75, 20, 76, 33, 77, 48, 78, 64, 79, 82, 80, 102, 81, 123, 83, 171, 84, 197, 85, 225, 86, 255, 88, 30, 89, 63, 90, 97, 91, 133, 92, 171, 94, 251, 96, 37, 97, 82, 98, 127, 99, 175, 100, 224, 102, 18, 103, 71, 104, 124, 105, 180, 108, 40, 109, 100, 110, 162, 111, 225, 113, 34, 114, 101, 115, 169, 116, 239, 118, 54, 120, 201, 122, 21, 123, 99, 124, 178, 126, 3, 127, 85, 128, 169, 129, 255, 132, 175, 134, 9, 135, 101, 136, 194, 138, 33, 140, 227, 142, 71, 143, 172, 145, 18, 146, 123, 149, 80, 150, 188, 152, 43, 153, 155, 156, 127, 157, 244, 159, 106, 160, 225, 163, 213, 165, 81, 166, 207, 168, 78, 171, 81, 172, 212, 174, 90, 175, 224, 178, 242, 180, 126, 182, 11, 183, 153, 186, 186, 188, 77, 189, 225, 193, 14, 194, 167, 196, 65, 197, 221, 199, 123, 201, 25, 202, 186, 204, 91, 207, 163, 209, 74, 210, 241, 212, 155, 214, 69, 215, 241, 217, 159, 219, 78, 220, 255, 224, 100, 226, 25, 227, 208, 229, 136, 231, 65, 232, 252, 234, 185, 236, 118, 238, 54, 241, 185, 243, 124, 245, 66, 247, 8, 248, 208, 250, 154, 252, 101, 255, 255, 0, 0, 0, 1, 0, 3, 0, 5, 0, 8, 0, 11, 0, 16, 0, 22, 0, 29, 0, 37, 0, 55, 0, 66, 0, 77, 0, 89, 0, 101, 0, 129, 0, 144, 0, 159, 0, 193, 0, 210, 0, 229, 0, 248, 1, 11, 1, 53, 1, 97, 1, 120, 1, 144, 1, 193, 1, 218, 1, 245, 2, 43, 2, 100, 2, 159, 2, 189, 2, 220, 3, 28, 3, 95, 3, 163, 3, 234, 4, 52, 4, 127, 4, 205, 5, 29, 5, 112, 5, 196, 6, 27, 6, 116, 6, 207, 7, 45, 7, 140, 7, 238, 8, 82, 8, 184, 9, 32, 9, 138, 9, 246, 10, 100, 10, 213, 11, 71, 11, 188, 12, 50, 12, 171, 13, 38, 13, 162, 14, 33, 14, 161, 15, 36, 15, 169, 16, 47, 16, 184, 16, 253, 17, 67, 17, 207, 18, 93, 18, 238, 19, 128, 20, 21, 20, 171, 21, 67, 21, 221, 22, 43, 22, 121, 23, 23, 23, 182, 24, 88, 24, 252, 25, 161, 26, 72, 26, 241, 27, 156, 28, 73, 28, 248, 29, 168, 30, 91, 31, 15, 31, 106, 31, 197, 32, 125, 33, 55, 33, 242, 34, 176, 35, 111, 35, 207, 36, 48, 36, 243, 37, 183, 38, 126, 39, 70, 39, 171, 40, 16, 40, 220, 41, 169, 42, 121, 43, 74, 44, 28, 44, 135, 44, 241, 45, 199, 46, 160, 47, 121, 48, 85, 49, 51, 49, 162, 50, 18, 50, 243, 51, 213, 52, 185, 53, 160, 54, 135, 55, 113, 56, 92, 57, 73, 58, 56, 59, 40, 60, 26, 61, 14, 61, 136, 62, 3, 62, 251, 63, 244, 64, 238, 65, 234, 66, 232, 67, 232, 68, 233, 69, 236, 70, 241, 71, 247, 72, 255, 74, 9, 75, 20, 76, 33, 77, 48, 78, 64, 79, 82, 80, 102, 81, 123, 82, 146, 83, 171, 84, 197, 85, 225, 86, 255, 88, 30, 89, 63, 90, 97, 91, 133, 92, 171, 93, 210, 94, 251, 96, 37, 97, 82, 98, 127, 99, 175, 100, 224, 102, 18, 103, 71, 104, 124, 105, 180, 106, 237, 108, 40, 109, 100, 110, 162, 111, 225, 113, 34, 114, 101, 115, 169, 116, 239, 118, 54, 119, 127, 120, 201, 122, 21, 123, 99, 124, 178, 126, 3, 127, 85, 128, 169, 129, 255, 132, 175, 134, 9, 135, 101, 136, 194, 138, 33, 140, 227, 142, 71, 143, 172, 145, 18, 146, 123, 149, 80, 150, 188, 152, 43, 153, 155, 155, 12, 157, 244, 159, 106, 160, 225, 162, 90, 163, 213, 166, 207, 168, 78, 169, 206, 171, 81, 172, 212, 175, 224, 177, 105, 178, 242, 182, 11, 183, 153, 186, 186, 188, 77, 191, 119, 193, 14, 194, 167, 197, 221, 199, 123, 202, 186, 204, 91, 207, 163, 209, 74, 212, 155, 214, 69, 215, 241, 219, 78, 220, 255, 224, 100, 226, 25, 229, 136, 231, 65, 234, 185, 236, 118, 239, 247, 241, 185, 245, 66, 247, 8, 250, 154, 252, 101, 255, 255, 0, 0, 0, 1, 0, 3, 0, 6, 0, 11, 0, 16, 0, 22, 0, 29, 0, 37, 0, 46, 0, 55, 0, 77, 0, 89, 0, 101, 0, 115, 0, 129, 0, 159, 0, 176, 0, 193, 0, 229, 0, 248, 1, 11, 1, 53, 1, 75, 1, 97, 1, 144, 1, 168, 1, 193, 1, 245, 2, 15, 2, 43, 2, 100, 2, 159, 2, 220, 2, 252, 3, 28, 3, 95, 3, 163, 3, 234, 4, 52, 4, 127, 4, 205, 5, 29, 5, 112, 5, 196, 6, 27, 6, 71, 6, 116, 6, 207, 7, 45, 7, 140, 7, 238, 8, 82, 8, 184, 9, 32, 9, 138, 9, 246, 10, 100, 10, 213, 11, 71, 11, 188, 12, 50, 12, 171, 13, 38, 13, 162, 14, 33, 14, 161, 15, 36, 15, 169, 16, 47, 16, 184, 17, 67, 17, 207, 18, 93, 18, 165, 18, 238, 19, 128, 20, 21, 20, 171, 21, 67, 21, 221, 22, 121, 23, 23, 23, 182, 24, 88, 24, 252, 25, 161, 26, 72, 26, 241, 27, 156, 28, 73, 28, 248, 29, 168, 30, 91, 31, 15, 31, 197, 32, 125, 33, 55, 33, 242, 34, 176, 35, 111, 36, 48, 36, 243, 37, 85, 37, 183, 38, 126, 39, 70, 40, 16, 40, 220, 41, 169, 42, 121, 43, 74, 44, 28, 44, 241, 45, 199, 46, 160, 47, 121, 48, 85, 49, 51, 50, 18, 50, 243, 51, 213, 52, 185, 53, 160, 54, 135, 55, 113, 56, 92, 57, 73, 58, 56, 59, 40, 60, 26, 61, 14, 62, 3, 62, 251, 64, 238, 65, 234, 66, 232, 67, 232, 68, 233, 69, 236, 70, 241, 71, 247, 74, 9, 75, 20, 76, 33, 77, 48, 78, 64, 79, 82, 80, 102, 82, 146, 83, 171, 84, 197, 85, 225, 86, 255, 88, 30, 90, 97, 91, 133, 92, 171, 93, 210, 94, 251, 96, 37, 97, 82, 99, 175, 100, 224, 102, 18, 103, 71, 104, 124, 105, 180, 106, 237, 108, 40, 110, 162, 111, 225, 113, 34, 114, 101, 115, 169, 116, 239, 118, 54, 119, 127, 122, 21, 123, 99, 124, 178, 126, 3, 127, 85, 128, 169, 129, 255, 132, 175, 134, 9, 135, 101, 136, 194, 138, 33, 139, 129, 140, 227, 143, 172, 145, 18, 146, 123, 147, 228, 150, 188, 152, 43, 153, 155, 155, 12, 157, 244, 159, 106, 160, 225, 162, 90, 163, 213, 166, 207, 168, 78, 169, 206, 171, 81, 174, 90, 175, 224, 177, 105, 178, 242, 182, 11, 183, 153, 185, 41, 186, 186, 189, 225, 191, 119, 193, 14, 194, 167, 197, 221, 199, 123, 201, 25, 202, 186, 204, 91, 205, 255, 207, 163, 209, 74, 210, 241, 212, 155, 214, 69, 215, 241, 217, 159, 219, 78, 220, 255, 222, 177, 224, 100, 226, 25, 227, 208, 229, 136, 231, 65, 232, 252, 234, 185, 236, 118, 238, 54, 239, 247, 241, 185, 243, 124, 245, 66, 247, 8, 248, 208, 250, 154, 252, 101, 254, 49, 255, 255, 0, 0, 115, 102, 51, 50, 0, 0, 0, 0, 0, 1, 11, 179, 0, 0, 5, 147, 255, 255, 243, 88, 0, 0, 7, 37, 0, 0, 253, 218, 255, 255, 251, 183, 255, 255, 253, 166, 0, 0, 3, 219, 0, 0, 192, 243, 109, 109, 111, 100, 0, 0, 0, 0, 0, 0, 6, 16, 0, 0, 146, 31, 2, 254, 8, 164, 189, 36, 180, 0, 0, 0, 0, 0, 0, 0, 0, 0, 0, 0, 0, 0, 0, 0, 0, 0
_NET_WM_NAME(UTF8_STRING) = "i3"
_NET_SUPPORTING_WM_CHECK(WINDOW): window id # 0x254
XIM_SERVERS(ATOM) = @server=ibus
PULSE_COOKIE(STRING) = "1a47774c3ba9e80f5915587ccebc3c5b025c5c1bbccbc71e7c12baaffe91e51b7a0a77c5ce8e90d16d6bc76899fa6981404420aececcd48fb27d542fe13930091b9c2eed94b5311924fc440be4aeafe8bb8c34364e0bb2099bae1a228c0fb9db430a556e1b0d2210b1312039cba13d4217c9e1cc8f01c9488521fefdbcce2d1aa44c82c7afff422ba77067270de12064c264d133749fc2ef5869685afe0b309123bb4501fd5d7c19617c39d3fe1692bcbc02b779cdcd39de96437babc4169c809aeab7dea2eb04ddb2958b1f26e82429eac5d72202aaf23be8c4e5bd190e99439d7340d314be242b86eb9671f644680a79d977c3a45367b8b4c8c6be49dd1d95"
PULSE_SERVER(STRING) = "{3059ddf699a59cd53069c7090000000a}unix:/home/jhnmlkvch9/.pulse/3059ddf699a59cd53069c7090000000a-runtime/native"
PULSE_SESSION_ID(STRING) = "3059ddf699a59cd53069c7090000000a-1372703582.878103-1484029785"
PULSE_ID(STRING) = "1000@3059ddf699a59cd53069c7090000000a/1963"
_NET_ACTIVE_WINDOW(WINDOW): window id # 0x2401882
_ICC_PROFILE_IN_X_VERSION(CARDINAL) = 3
_ICC_PROFILE(CARDINAL) = 0, 0, 4, 164, 108, 99, 109, 115, 4, 32, 0, 0, 109, 110, 116, 114, 82, 71, 66, 32, 88, 89, 90, 32, 7, 220, 0, 9, 0, 15, 0, 22, 0, 54, 0, 19, 97, 99, 115, 112, 65, 80, 80, 76, 0, 0, 0, 0, 0, 0, 0, 0, 0, 0, 0, 0, 0, 0, 0, 0, 0, 0, 0, 0, 0, 0, 0, 1, 0, 0, 246, 214, 0, 1, 0, 0, 0, 0, 211, 45, 108, 99, 109, 115, 173, 86, 35, 9, 82, 79, 240, 210, 180, 122, 65, 139, 231, 84, 255, 149, 0, 0, 0, 0, 0, 0, 0, 0, 0, 0, 0, 0, 0, 0, 0, 0, 0, 0, 0, 0, 0, 0, 0, 0, 0, 0, 0, 0, 0, 0, 0, 14, 100, 101, 115, 99, 0, 0, 1, 44, 0, 0, 0, 56, 99, 112, 114, 116, 0, 0, 1, 100, 0, 0, 0, 54, 119, 116, 112, 116, 0, 0, 1, 156, 0, 0, 0, 20, 99, 104, 97, 100, 0, 0, 1, 176, 0, 0, 0, 44, 114, 88, 89, 90, 0, 0, 1, 220, 0, 0, 0, 20, 98, 88, 89, 90, 0, 0, 1, 240, 0, 0, 0, 20, 103, 88, 89, 90, 0, 0, 2, 4, 0, 0, 0, 20, 114, 84, 82, 67, 0, 0, 2, 24, 0, 0, 0, 16, 103, 84, 82, 67, 0, 0, 2, 40, 0, 0, 0, 16, 98, 84, 82, 67, 0, 0, 2, 56, 0, 0, 0, 16, 99, 104, 114, 109, 0, 0, 2, 72, 0, 0, 0, 36, 100, 109, 100, 100, 0, 0, 2, 108, 0, 0, 0, 56, 100, 109, 110, 100, 0, 0, 2, 164, 0, 0, 0, 42, 109, 101, 116, 97, 0, 0, 2, 208, 0, 0, 1, 210, 109, 108, 117, 99, 0, 0, 0, 0, 0, 0, 0, 1, 0, 0, 0, 12, 69, 78, 117, 115, 0, 0, 0, 28, 0, 0, 0, 28, 0, 77, 0, 97, 0, 99, 0, 66, 0, 111, 0, 111, 0, 107, 0, 80, 0, 114, 0, 111, 0, 54, 0, 44, 0, 49, 0, 0, 109, 108, 117, 99, 0, 0, 0, 0, 0, 0, 0, 1, 0, 0, 0, 12, 69, 78, 117, 115, 0, 0, 0, 26, 0, 0, 0, 28, 0, 78, 0, 111, 0, 32, 0, 99, 0, 111, 0, 112, 0, 121, 0, 114, 0, 105, 0, 103, 0, 104, 0, 116, 0, 0, 0, 0, 88, 89, 90, 32, 0, 0, 0, 0, 0, 0, 246, 214, 0, 1, 0, 0, 0, 0, 211, 45, 115, 102, 51, 50, 0, 0, 0, 0, 0, 50, 71, 212, 0, 31, 218, 8, 0, 38, 99, 204, 0, 53, 117, 252, 255, 198, 5, 135, 0, 9, 2, 71, 0, 12, 181, 141, 255, 231, 122, 52, 1, 35, 172, 131, 88, 89, 90, 32, 0, 0, 0, 0, 255, 249, 66, 96, 255, 255, 187, 42, 255, 254, 188, 154, 88, 89, 90, 32, 0, 0, 0, 0, 0, 1, 130, 73, 255, 253, 110, 227, 0, 1, 93, 188, 88, 89, 90, 32, 0, 0, 0, 0, 0, 6, 50, 45, 0, 3, 213, 243, 0, 0, 184, 215, 112, 97, 114, 97, 0, 0, 0, 0, 0, 0, 0, 0, 0, 2, 51, 51, 112, 97, 114, 97, 0, 0, 0, 0, 0, 0, 0, 0, 0, 2, 51, 51, 112, 97, 114, 97, 0, 0, 0, 0, 0, 0, 0, 0, 0, 2, 51, 51, 99, 104, 114, 109, 0, 0, 0, 0, 0, 3, 0, 0, 0, 0, 84, 128, 0, 0, 76, 0, 0, 0, 153, 0, 0, 0, 38, 64, 0, 0, 15, 128, 0, 0, 80, 128, 109, 108, 117, 99, 0, 0, 0, 0, 0, 0, 0, 1, 0, 0, 0, 12, 69, 78, 117, 115, 0, 0, 0, 28, 0, 0, 0, 28, 0, 77, 0, 97, 0, 99, 0, 66, 0, 111, 0, 111, 0, 107, 0, 80, 0, 114, 0, 111, 0, 54, 0, 44, 0, 49, 0, 0, 109, 108, 117, 99, 0, 0, 0, 0, 0, 0, 0, 1, 0, 0, 0, 12, 69, 78, 117, 115, 0, 0, 0, 14, 0, 0, 0, 28, 0, 78, 0, 118, 0, 105, 0, 100, 0, 105, 0, 97, 0, 0, 0, 0, 100, 105, 99, 116, 0, 0, 0, 0, 0, 0, 0, 7, 0, 0, 0, 16, 0, 0, 0, 128, 0, 0, 0, 22, 0, 0, 0, 150, 0, 0, 0, 42, 0, 0, 0, 192, 0, 0, 0, 20, 0, 0, 0, 212, 0, 0, 0, 42, 0, 0, 0, 254, 0, 0, 0, 22, 0, 0, 1, 20, 0, 0, 0, 10, 0, 0, 1, 30, 0, 0, 0, 22, 0, 0, 1, 52, 0, 0, 0, 8, 0, 0, 1, 60, 0, 0, 0, 16, 0, 0, 1, 76, 0, 0, 0, 64, 0, 0, 1, 140, 0, 0, 0, 18, 0, 0, 1, 158, 0, 0, 0, 6, 0, 0, 1, 164, 0, 0, 0, 34, 0, 0, 1, 198, 0, 0, 0, 12, 0, 67, 0, 77, 0, 70, 0, 95, 0, 112, 0, 114, 0, 111, 0, 100, 0, 117, 0, 99, 0, 116, 0, 103, 0, 110, 0, 111, 0, 109, 0, 101, 0, 45, 0, 115, 0, 101, 0, 116, 0, 116, 0, 105, 0, 110, 0, 103, 0, 115, 0, 45, 0, 100, 0, 97, 0, 101, 0, 109, 0, 111, 0, 110, 0, 67, 0, 77, 0, 70, 0, 95, 0, 98, 0, 105, 0, 110, 0, 97, 0, 114, 0, 121, 0, 103, 0, 110, 0, 111, 0, 109, 0, 101, 0, 45, 0, 115, 0, 101, 0, 116, 0, 116, 0, 105, 0, 110, 0, 103, 0, 115, 0, 45, 0, 100, 0, 97, 0, 101, 0, 109, 0, 111, 0, 110, 0, 67, 0, 77, 0, 70, 0, 95, 0, 118, 0, 101, 0, 114, 0, 115, 0, 105, 0, 111, 0, 110, 0, 51, 0, 46, 0, 52, 0, 46, 0, 50, 0, 68, 0, 65, 0, 84, 0, 65, 0, 95, 0, 115, 0, 111, 0, 117, 0, 114, 0, 99, 0, 101, 0, 101, 0, 100, 0, 105, 0, 100, 0, 69, 0, 68, 0, 73, 0, 68, 0, 95, 0, 109, 0, 100, 0, 53, 0, 52, 0, 55, 0, 97, 0, 50, 0, 102, 0, 102, 0, 57, 0, 50, 0, 54, 0, 98, 0, 50, 0, 48, 0, 97, 0, 53, 0, 48, 0, 102, 0, 97, 0, 57, 0, 53, 0, 53, 0, 100, 0, 52, 0, 101, 0, 56, 0, 53, 0, 53, 0, 56, 0, 55, 0, 56, 0, 102, 0, 49, 0, 49, 0, 69, 0, 68, 0, 73, 0, 68, 0, 95, 0, 109, 0, 110, 0, 102, 0, 116, 0, 78, 0, 86, 0, 68, 0, 69, 0, 68, 0, 73, 0, 68, 0, 95, 0, 109, 0, 97, 0, 110, 0, 117, 0, 102, 0, 97, 0, 99, 0, 116, 0, 117, 0, 114, 0, 101, 0, 114, 0, 78, 0, 118, 0, 105, 0, 100, 0, 105, 0, 97, 0, 0
NAUTILUS_DESKTOP_WINDOW_ID(WINDOW): window id # 0x1400004
_GNOME_BACKGROUND_REPRESENTATIVE_COLORS(STRING) = "rgb(158,161,179)"
_XROOTPMAP_ID(PIXMAP): pixmap id # 0x4600001
ESETROOT_PMAP_ID(PIXMAP): pixmap id # 0x4600001
_METACITY_SENTINEL(CARDINAL) = 0
_UNITY_NET_WORKAREA_REGION(CARDINAL) = 0, 0, 1920, 1176
_NET_WORKAREA(CARDINAL) = 0, 0, 1920, 1200, 0, 0, 1920, 1200, 0, 0, 1920, 1200, 0, 0, 1920, 1200, 1920, 0, 1920, 1200
_NET_CLIENT_LIST_STACKING(WINDOW): window id # 
_NET_CLIENT_LIST(WINDOW): window id # 
_NET_DESKTOP_NAMES(UTF8_STRING) = "Workspace 1", "Workspace 2", "Workspace 3", "Workspace 4"
_NET_NUMBER_OF_DESKTOPS(CARDINAL) = 4
_NET_CURRENT_DESKTOP(CARDINAL) = 1
_NET_DESKTOP_GEOMETRY(CARDINAL) = 1920, 1200
_NET_DESKTOP_VIEWPORT(CARDINAL) = 0, 0
_NET_SUPPORTED(ATOM) = _NET_SUPPORTED, _NET_SUPPORTING_WM_CHECK, _NET_WM_NAME, _NET_WM_STATE_FULLSCREEN, _NET_WM_STATE, _NET_WM_WINDOW_TYPE, _NET_WM_WINDOW_TYPE_DOCK
WM_ICON_SIZE(CARDINAL):
		minimum icon size: 32 by 32
		maximum icon size: 32 by 32
		incremental size change: 0 by 0
_XKB_RULES_NAMES_BACKUP(STRING) = "evdev", "pc105", "us", "dvp", ""
RESOURCE_MANAGER(STRING) = "*customization:\t-color\nXft.dpi:\t96\nXft.antialias:\t1\nXft.hinting:\t1\nXft.hintstyle:\thintslight\nXft.rgba:\trgb\nXft.lcdfilter:\tlcddefault\n"
XKLAVIER_ALLOW_SECONDARY(INTEGER) = 0
_XKB_RULES_NAMES(STRING) = "evdev", "pc105", "us,us", "dvp,", ""
XFree86_VT(INTEGER) = 7
